0 0.630078125 0.5118055555555555 0.11953125 0.1763888888888889
0 0.402734375 0.5402777777777777 0.25703125 0.16944444444444445
0 0.4921875 0.16805555555555557 0.0890625 0.17777777777777778
0 0.346875 0.13472222222222222 0.0921875 0.20277777777777778
0 0.251953125 0.33958333333333335 0.04296875 0.07083333333333333
0 0.17109375 0.32569444444444445 0.0640625 0.08194444444444444
0 0.14609375 0.2326388888888889 0.05625 0.0625
0 0.11953125 0.3909722222222222 0.01875 0.020833333333333332
0 0.19609375 0.5965277777777778 0.028125 0.029166666666666667
0 0.139453125 0.6173611111111111 0.02578125 0.0375
0 0.044140625 0.2763888888888889 0.08359375 0.1388888888888889