0 0.346875 0.5763888888888888 0.0390625 0.058333333333333334
0 0.383984375 0.5618055555555556 0.02578125 0.018055555555555554
0 0.415234375 0.6131944444444445 0.06328125 0.07916666666666666
0 0.41953125 0.5652777777777778 0.0140625 0.016666666666666666
0 0.466796875 0.5729166666666666 0.05234375 0.029166666666666667
0 0.462109375 0.6236111111111111 0.02109375 0.019444444444444445
0 0.5734375 0.5993055555555555 0.075 0.05694444444444444
0 0.433984375 0.6833333333333333 0.03046875 0.06388888888888888
0 0.6359375 0.6055555555555555 0.01875 0.022222222222222223
0 0.67890625 0.5888888888888889 0.0265625 0.025
0 0.809375 0.5423611111111111 0.01875 0.02361111111111111