0 0.082 0.9241666666666667 0.0248 0.035
0 0.1336 0.9283333333333333 0.0352 0.03666666666666667
0 0.1908 0.9316666666666666 0.0376 0.02666666666666667
0 0.2672 0.9066666666666666 0.0208 0.03
0 0.4168 0.7258333333333333 0.0144 0.028333333333333332
0 0.492 0.76 0.032 0.023333333333333334
0 0.532 0.75 0.024 0.02
0 0.5804 0.7333333333333333 0.02 0.02666666666666667
0 0.5716 0.6825 0.0152 0.03166666666666667
0 0.7156 0.7041666666666667 0.0312 0.025
0 0.7676 0.67 0.0408 0.03
0 0.832 0.6483333333333333 0.0144 0.02
0 0.8684 0.6358333333333334 0.0232 0.025
0 0.3496 0.8658333333333333 0.0384 0.03166666666666667
0 0.3968 0.8341666666666666 0.0112 0.035