0 0.110546875 0.6208333333333333 0.03359375 0.06111111111111111
0 0.63984375 0.4076388888888889 0.015625 0.018055555555555554
0 0.66640625 0.3861111111111111 0.015625 0.019444444444444445
0 0.741015625 0.3326388888888889 0.06171875 0.04861111111111111
0 0.86328125 0.2388888888888889 0.009375 0.016666666666666666
0 0.884375 0.21041666666666667 0.0203125 0.029166666666666667
0 0.94609375 0.19305555555555556 0.025 0.022222222222222223
0 0.97734375 0.17916666666666667 0.0171875 0.013888888888888888
0 0.009765625 0.6493055555555556 0.01484375 0.02361111111111111
0 0.0703125 0.6118055555555556 0.0109375 0.029166666666666667
0 0.110546875 0.4048611111111111 0.01328125 0.020833333333333332