0 0.0265625 0.65 0.0140625 0.03611111111111111
0 0.036328125 0.44375 0.01484375 0.015277777777777777
0 0.05078125 0.4638888888888889 0.01875 0.019444444444444445
0 0.1203125 0.6020833333333333 0.015625 0.04027777777777778
0 0.585546875 0.45208333333333334 0.03828125 0.04027777777777778
0 0.688671875 0.3784722222222222 0.03671875 0.03194444444444444
0 0.722265625 0.35625 0.01484375 0.018055555555555554
0 0.80546875 0.2951388888888889 0.0984375 0.09861111111111111
0 0.8640625 0.24097222222222223 0.01875 0.018055555555555554
0 0.917578125 0.21388888888888888 0.02578125 0.025
0 0.9625 0.19791666666666666 0.0140625 0.0375