0 0.794140625 0.9784722222222222 0.05078125 0.043055555555555555
0 0.64921875 0.6826388888888889 0.1109375 0.07361111111111111
0 0.730859375 0.6930555555555555 0.01328125 0.03333333333333333
0 0.780859375 0.7180555555555556 0.04921875 0.05555555555555555
0 0.845703125 0.7222222222222222 0.01796875 0.05
0 0.891796875 0.7229166666666667 0.04921875 0.0375
0 0.348828125 0.5666666666666667 0.02265625 0.030555555555555555
0 0.37734375 0.6020833333333333 0.0296875 0.03194444444444444
0 0.407421875 0.6090277777777777 0.02109375 0.018055555555555554
0 0.311328125 0.5583333333333333 0.02734375 0.027777777777777776
0 0.249609375 0.5090277777777777 0.01171875 0.020833333333333332