0 0.1864705882352941 0.6930926216640503 0.34941176470588237 0.3029827315541601
0 0.8052941176470588 0.6860282574568289 0.13058823529411764 0.19152276295133439
0 0.3982352941176471 0.5368916797488226 0.26941176470588235 0.06279434850863422
0 0.7617647058823529 0.40580847723704866 0.29294117647058826 0.03610675039246468
0 0.5735294117647058 0.5729984301412873 0.041176470588235294 0.06907378335949764
0 0.6229411764705882 0.6766091051805337 0.01764705882352941 0.04395604395604396
0 0.01588235294117647 0.41051805337519626 0.024705882352941175 0.023547880690737835
0 0.23470588235294118 0.40580847723704866 0.029411764705882353 0.01726844583987441
0 0.9735294117647059 0.41915227629513346 0.04823529411764706 0.012558869701726845
0 0.2576470588235294 0.4379905808477237 0.03529411764705882 0.015698587127158554
0 0.2711764705882353 0.4599686028257457 0.06235294117647059 0.0282574568288854
0 0.3558823529411765 0.4521193092621664 0.041176470588235294 0.018838304552590265
0 0.3652941176470588 0.4921507064364207 0.029411764705882353 0.023547880690737835
0 0.42705882352941177 0.49843014128728413 0.04470588235294118 0.023547880690737835
0 0.22294117647058823 0.4897959183673469 0.01764705882352941 0.02511773940345369
0 0.6170588235294118 0.7912087912087912 0.07647058823529412 0.11616954474097331