0 0.3998203054806828 0.4719626168224299 0.4168912848158131 0.030707610146862484
0 0.5341419586702606 0.5360480640854473 0.027852650494159928 0.025367156208277702
0 0.75696316262354 0.5280373831775701 0.2398921832884097 0.03871829105473965
0 0.8023360287511231 0.5647530040053405 0.02336028751123091 0.0267022696929239
0 0.7394429469901168 0.4893190921228304 0.03773584905660377 0.014686248331108143
0 0.022911051212938006 0.5801068090787717 0.036837376460017966 0.020026702269692925
0 0.0880503144654088 0.5574098798397864 0.008984725965858042 0.020026702269692925
0 0.09299191374663072 0.4779706275033378 0.05840071877807727 0.07476635514018691
0 0.17834681042228212 0.5106809078771696 0.07996406109613657 0.028037383177570093
0 0.15498652291105122 0.5433911882510013 0.03863432165318958 0.01602136181575434
0 0.12309074573225516 0.5514018691588785 0.01078167115902965 0.01602136181575434