1 0.0810546875 0.3271484375 0.162109375 0.3427734375
1 0.2314453125 0.349609375 0.0869140625 0.2578125
1 0.31640625 0.4013671875 0.060546875 0.1123046875
1 0.38671875 0.4140625 0.078125 0.142578125
1 0.4267578125 0.4189453125 0.078125 0.1513671875
1 0.4990234375 0.4345703125 0.076171875 0.0986328125
1 0.5732421875 0.4189453125 0.068359375 0.0859375
1 0.646484375 0.3828125 0.0615234375 0.1025390625
1 0.7099609375 0.341796875 0.0595703125 0.0849609375
1 0.7763671875 0.2998046875 0.0576171875 0.0615234375
1 0.8232421875 0.29296875 0.046875 0.06640625
1 0.8603515625 0.2734375 0.0478515625 0.0400390625