0 0.3681640625 0.302734375 0.068359375 0.1181640625
0 0.2841796875 0.537109375 0.0390625 0.16015625
0 0.259765625 0.9404296875 0.0546875 0.107421875
1 0.30078125 0.7880859375 0.0966796875 0.1640625
1 0.8916015625 0.091796875 0.2138671875 0.18359375
1 0.92578125 0.3193359375 0.1484375 0.3486328125
1 0.9345703125 0.59765625 0.130859375 0.25
1 0.548828125 0.109375 0.4208984375 0.1904296875
1 0.1025390625 0.283203125 0.205078125 0.56640625
1 0.7373046875 0.76171875 0.076171875 0.443359375
1 0.8115234375 0.7578125 0.076171875 0.484375
1 0.6640625 0.7822265625 0.0849609375 0.4345703125
1 0.404296875 0.720703125 0.0703125 0.55859375
1 0.5146484375 0.26171875 0.09765625 0.5234375
1 0.7099609375 0.2275390625 0.0732421875 0.4541015625
1 0.2900390625 0.1640625 0.1025390625 0.255859375
1 0.115234375 0.783203125 0.23046875 0.43359375