0 0.263671875 0.8046875 0.076171875 0.150390625
0 0.359375 0.7919921875 0.099609375 0.138671875
0 0.46484375 0.72265625 0.1240234375 0.310546875
0 0.55078125 0.671875 0.1025390625 0.2646484375
0 0.63671875 0.7001953125 0.083984375 0.1484375
0 0.740234375 0.6669921875 0.130859375 0.2080078125
0 0.8955078125 0.681640625 0.169921875 0.13671875
1 0.9384765625 0.482421875 0.0673828125 0.2548828125
1 0.630859375 0.5556640625 0.0498046875 0.23046875
1 0.43359375 0.474609375 0.0830078125 0.19921875
1 0.3056640625 0.619140625 0.0712890625 0.2001953125