0 0.6826171875 0.7158203125 0.134765625 0.173828125
0 0.2607421875 0.2705078125 0.2333984375 0.248046875
0 0.28125 0.3544921875 0.1083984375 0.28515625
1 0.931640625 0.51953125 0.1337890625 0.1640625
1 0.623046875 0.1240234375 0.28515625 0.216796875
1 0.869140625 0.271484375 0.248046875 0.2392578125
0 0.0810546875 0.3154296875 0.1142578125 0.232421875
0 0.47265625 0.7158203125 0.1689453125 0.15625
0 0.4375 0.5771484375 0.072265625 0.1533203125
0 0.810546875 0.7470703125 0.0810546875 0.0830078125
0 0.58984375 0.5498046875 0.076171875 0.095703125
0 0.9140625 0.748046875 0.0537109375 0.0888671875
1 0.6240234375 0.3740234375 0.185546875 0.208984375