0 0.2138671875 0.6552734375 0.1279296875 0.1201171875
0 0.2109375 0.771484375 0.0732421875 0.1484375
0 0.1396484375 0.8251953125 0.125 0.08984375
0 0.7353515625 0.5283203125 0.1005859375 0.1396484375
0 0.7607421875 0.5712890625 0.2119140625 0.0869140625
0 0.4658203125 0.59765625 0.0908203125 0.1201171875
1 0.5390625 0.353515625 0.162109375 0.3642578125
1 0.1650390625 0.2216796875 0.330078125 0.4423828125
1 0.41796875 0.1962890625 0.15625 0.3916015625
1 0.9111328125 0.49609375 0.1298828125 0.0791015625
1 0.1708984375 0.2705078125 0.341796875 0.529296875