0 0.826171875 0.515625 0.15625 0.197265625
0 0.7275390625 0.560546875 0.0546875 0.0927734375
0 0.3837890625 0.7333984375 0.0849609375 0.1162109375
0 0.48046875 0.7822265625 0.07421875 0.05859375
0 0.126953125 0.72265625 0.24609375 0.095703125
0 0.3251953125 0.8046875 0.1220703125 0.109375
1 0.27734375 0.4833984375 0.2265625 0.248046875
0 0.33984375 0.6337890625 0.2255859375 0.1650390625
0 0.5712890625 0.615234375 0.1572265625 0.1005859375
0 0.63671875 0.6826171875 0.0791015625 0.056640625
1 0.5703125 0.2353515625 0.20703125 0.455078125
1 0.8369140625 0.126953125 0.1416015625 0.22265625
1 0.2978515625 0.17578125 0.1875 0.3359375
1 0.8515625 0.3017578125 0.2958984375 0.2255859375
1 0.119140625 0.4736328125 0.21484375 0.29296875