1 0.2646484375 0.7802734375 0.1953125 0.439453125
1 0.83984375 0.4541015625 0.3203125 0.5458984375
1 0.65234375 0.7568359375 0.2626953125 0.486328125
0 0.4189453125 0.6201171875 0.125 0.1484375
0 0.0390625 0.73828125 0.078125 0.15234375
1 0.19921875 0.2109375 0.3935546875 0.3935546875
1 0.4921875 0.376953125 0.1298828125 0.1806640625
1 0.5390625 0.1416015625 0.234375 0.2548828125
1 0.837890625 0.1357421875 0.32421875 0.263671875
0 0.2392578125 0.5439453125 0.1357421875 0.09765625
0 0.1298828125 0.6064453125 0.0732421875 0.1201171875
0 0.4912109375 0.513671875 0.0703125 0.0927734375